3             4             5 9             6 8             7             10 11 12 13 14 15 16 17 18 19 80 81 82 83 84 85 86 87 88 89             161 162 163 164 165 166 167 168 169 170 176 177 178 179 180 181 182 183 184 185             191 192 193 194 195 196 197 198 199 200 204 205 206 207 208 209 210 211 212 213             20             21 23             78 90 91 92             22             24 25 26 27 28 29 30 31 32 33 34 35 36 37 38 39 40 41 42 43 44 45 46 47 48 49 50 52 53 56 57 59 60 61 62 63 64 65 66 67 68 69 70 71 73 74 75 93 94 95 96 97 98 99 100 101 102 103 104 105 106 107 108 109 110 111 112 113 114 115 116 117 118 119 120 121 122 123 124 125 126 127 128 129 130 131 132 133 134 135 136 137 138 139 140 141 142 143 144 145 146 147 148 149 150 151 152 153 154             51             155             55             72             171             54             157             160             187             156             173             175             201             58             159             172             189             190             214             76             77             158             174             188             202             203             215             1             2             79             186             
states   !   (   )   *   +   ,   -   .   /   0   1   2   3   4   5   6   7   8   9   ;   <   =   >   A   B   C   D   E   F   G   H   I   J   K   L   M   N   O   P   Q   R   S   T   U   V   W   X   Y   Z   a   b   c   d   e   f   g   h   i   j   k   l   m   n   o   p   q   r   s   t   u   v   w   x   y   z   {   }   
01       00  00  00  00  00  00  00  00  00  00  00  00  00  00  00  00  00  00  00  00  00  00  00  00  00  00  00  00  00  00  00  00  00  00  00  00  00  00  00  00  00  00  00  00  00  00  00  00  00  00  00  00  00  00  00  00  00  00  00  00  00  00  00  00  00  00  00  00  00  00  00  00  00  00  00  00  00  
02       00  00  00  00  00  00  00  00  00  00  00  00  00  00  00  00  00  00  00  00  00  00  00  00  00  00  00  00  00  00  00  00  00  00  00  00  00  00  00  00  00  00  00  00  00  00  00  00  00  00  00  00  00  00  00  00  00  00  00  00  00  00  00  00  00  00  00  00  00  00  00  00  00  00  00  00  00  
03       00  00  00  00  00  00  00  00  00  00  00  00  00  00  00  00  00  00  00  00  00  00  00  00  00  00  00  00  00  00  00  00  00  00  00  00  00  00  00  00  00  00  00  00  00  00  00  00  00  00  00  00  00  00  00  00  00  00  00  00  00  00  00  00  00  00  00  00  00  00  00  00  00  00  00  00  00  
04       00  00  00  00  00  00  00  00  00  00  00  00  00  00  00  00  00  00  00  00  00  00  00  00  00  00  00  00  00  00  00  00  00  00  00  00  00  00  00  00  00  00  00  00  00  00  00  00  00  00  00  00  00  00  00  00  00  00  00  00  00  00  00  00  00  00  00  00  00  00  00  00  00  00  00  00  00  
05       00  00  00  00  00  00  00  00  00  00  00  00  00  00  00  00  00  00  00  00  00  00  00  00  00  00  00  00  00  00  00  00  00  00  00  00  00  00  00  00  00  00  00  00  00  00  00  00  00  00  00  00  00  00  00  00  00  00  00  00  00  00  00  00  00  00  00  00  00  00  00  00  00  00  00  00  00  
06       00  00  00  00  00  00  00  43  00  06  06  06  06  06  06  06  06  06  06  00  00  00  00  00  00  00  00  00  00  00  00  00  00  00  00  00  00  00  00  00  00  00  00  00  00  00  00  00  00  00  00  00  00  00  00  00  00  00  00  00  00  00  00  00  00  00  00  00  00  00  00  00  00  00  00  00  00  
07       00  00  00  00  00  00  00  00  00  07  07  07  07  07  07  07  07  07  07  00  00  00  00  00  00  00  00  44  00  00  00  00  00  00  00  00  00  00  00  00  00  00  00  00  00  00  00  00  00  00  00  00  00  00  00  00  00  00  00  00  00  00  00  00  00  00  00  00  00  00  00  00  00  00  00  00  00  
08       00  00  00  00  00  00  00  00  00  08  08  08  08  08  08  08  08  08  08  00  00  00  00  00  00  00  00  00  00  00  00  00  00  00  00  00  00  00  00  00  00  00  00  00  00  00  00  00  00  00  00  00  00  00  00  00  00  00  00  00  00  00  00  00  00  00  00  00  00  00  00  00  00  00  00  00  00  
09       00  00  00  00  00  00  00  00  00  00  00  00  00  00  00  00  00  00  00  00  00  00  00  00  00  00  00  00  00  00  00  00  00  00  00  00  00  00  00  00  00  00  00  00  00  00  00  00  00  00  00  00  00  00  00  00  00  00  00  00  00  00  00  00  00  00  00  00  00  00  00  00  00  00  00  00  00  
10       00  00  00  00  00  00  00  00  00  00  00  00  00  00  00  00  00  00  00  00  00  11  00  00  00  00  00  00  00  00  00  00  00  00  00  00  00  00  00  00  00  00  00  00  00  00  00  00  00  00  00  00  00  00  00  00  00  00  00  00  00  00  00  00  00  00  00  00  00  00  00  00  00  00  00  00  00  
11       00  00  00  00  00  00  00  00  00  00  00  00  00  00  00  00  00  00  00  00  00  00  00  00  00  00  00  00  00  00  00  00  00  00  00  00  00  00  00  00  00  00  00  00  00  00  00  00  00  00  00  00  00  00  00  00  00  00  00  00  00  00  00  00  00  00  00  00  00  00  00  00  00  00  00  00  00  
12       00  00  00  00  00  00  00  00  00  00  00  00  00  00  00  00  00  00  00  00  00  11  00  00  00  00  00  00  00  00  00  00  00  00  00  00  00  00  00  00  00  00  00  00  00  00  00  00  00  00  00  00  00  00  00  00  00  00  00  00  00  00  00  00  00  00  00  00  00  00  00  00  00  00  00  00  00  
13       00  00  00  00  00  00  00  00  00  13  13  13  13  13  13  13  13  13  13  00  00  00  00  13  13  13  13  13  13  13  13  13  13  13  13  13  13  13  13  13  13  13  13  13  13  13  13  13  13  13  13  13  13  13  13  13  13  13  13  13  13  13  13  13  13  13  13  13  13  13  13  13  13  13  13  00  00  
14       00  00  00  00  00  00  00  00  00  13  13  13  13  13  13  13  13  13  13  00  00  00  00  13  13  13  13  13  13  13  13  13  13  13  13  13  13  13  13  13  13  13  13  13  13  13  13  13  13  13  13  13  13  13  13  13  13  13  13  13  13  13  13  15  13  13  13  13  13  13  13  13  13  13  13  00  00  
15       00  00  00  00  00  00  00  00  00  13  13  13  13  13  13  13  13  13  13  00  00  00  00  13  13  13  13  13  13  13  13  13  13  13  13  13  13  13  13  13  13  13  13  13  13  13  13  13  13  13  13  13  13  13  13  13  13  13  13  13  13  13  13  18  13  13  13  13  13  13  13  13  13  13  13  00  00  
16       00  00  00  00  00  00  00  00  00  13  13  13  13  13  13  13  13  13  13  00  00  00  00  13  13  13  13  13  13  13  13  13  13  13  13  13  13  13  13  13  13  13  13  13  13  13  13  13  13  13  13  13  13  13  13  13  13  13  13  13  20  13  13  13  13  13  13  13  13  13  13  13  13  13  13  00  00  
17       00  00  00  00  00  00  00  00  00  13  13  13  13  13  13  13  13  13  13  00  00  00  00  13  13  13  13  13  13  13  13  13  13  13  13  13  13  13  13  13  13  13  13  13  13  13  13  13  13  13  13  13  13  13  13  13  21  13  13  13  13  13  13  13  13  13  13  13  13  13  13  13  13  13  13  00  00  
18       00  00  00  00  00  00  00  00  00  13  13  13  13  13  13  13  13  13  13  00  00  00  00  13  13  13  13  13  13  13  13  13  13  13  13  13  13  13  13  13  13  13  13  13  13  13  13  13  13  13  13  13  13  13  13  13  13  13  13  13  22  13  13  13  13  13  13  13  13  13  13  13  13  13  13  00  00  
19       00  00  00  00  00  00  00  00  00  13  13  13  13  13  13  13  13  13  13  00  00  00  00  13  13  13  13  13  13  13  13  13  13  13  13  13  13  13  13  13  13  13  13  13  13  13  13  13  13  13  13  13  13  13  13  13  13  13  13  13  23  13  13  13  13  13  13  13  13  13  13  13  13  13  13  00  00  
20       00  00  00  00  00  00  00  00  00  13  13  13  13  13  13  13  13  13  13  00  00  00  00  13  13  13  13  13  13  13  13  13  13  13  13  13  13  13  13  13  13  13  13  13  13  13  13  13  13  13  13  13  13  13  13  13  13  13  13  13  13  13  13  24  13  13  13  13  13  13  13  13  13  13  13  00  00  
21       00  00  00  00  00  00  00  00  00  13  13  13  13  13  13  13  13  13  13  00  00  00  00  13  13  13  13  13  13  13  13  13  13  13  13  13  13  13  13  13  13  13  13  13  13  13  13  13  13  13  13  13  13  13  13  13  13  25  13  13  13  13  13  13  13  13  13  13  13  13  13  13  13  13  13  00  00  
22       00  00  00  00  00  00  00  00  00  13  13  13  13  13  13  13  13  13  13  00  00  00  00  13  13  13  13  13  13  13  13  13  13  13  13  13  13  13  13  13  13  13  13  13  13  13  13  13  13  13  13  13  13  26  13  13  13  13  13  13  13  13  13  13  13  13  13  13  13  13  13  13  13  13  13  00  00  
23       00  00  00  00  00  00  00  00  00  13  13  13  13  13  13  13  13  13  13  00  00  00  00  13  13  13  13  13  13  13  13  13  13  13  13  13  13  13  13  13  13  13  13  13  13  13  13  13  13  13  13  13  13  13  13  13  13  13  13  13  13  13  13  13  13  13  13  29  13  13  13  13  13  13  13  00  00  
24       00  00  00  00  00  00  00  00  00  13  13  13  13  13  13  13  13  13  13  00  00  00  00  13  13  13  13  13  13  13  13  13  13  13  13  13  13  13  13  13  13  13  13  13  13  13  13  13  13  30  13  13  13  13  13  13  13  13  13  13  13  13  13  13  13  13  13  13  13  13  13  13  13  13  13  00  00  
25       00  00  00  00  00  00  00  00  00  13  13  13  13  13  13  13  13  13  13  00  00  00  00  13  13  13  13  13  13  13  13  13  13  13  13  13  13  13  13  13  13  13  13  13  13  13  13  13  13  13  13  13  13  13  13  13  13  13  13  13  31  13  13  13  13  13  13  13  13  13  13  13  13  13  13  00  00  
26       00  00  00  00  00  00  00  00  00  13  13  13  13  13  13  13  13  13  13  00  00  00  00  13  13  13  13  13  13  13  13  13  13  13  13  13  13  13  13  13  13  13  13  13  13  13  13  13  13  32  13  13  13  13  13  13  13  13  13  13  13  13  13  13  13  13  13  13  13  13  13  13  13  13  13  00  00  
27       00  00  00  00  00  00  00  00  00  13  13  13  13  13  13  13  13  13  13  00  00  00  00  13  13  13  13  13  13  13  13  13  13  13  13  13  13  13  13  13  13  13  13  13  13  13  13  13  13  13  13  13  13  13  35  13  13  13  13  13  13  13  28  13  13  13  13  13  13  13  13  13  13  13  13  00  00  
28       00  00  00  00  00  00  00  00  00  13  13  13  13  13  13  13  13  13  13  00  00  00  00  13  13  13  13  13  13  13  13  13  13  13  13  13  13  13  13  13  13  13  13  13  13  13  13  13  13  13  13  13  13  13  13  13  13  13  13  13  13  13  13  13  13  13  13  13  36  13  13  13  13  13  13  00  00  
29       00  00  00  00  00  00  00  00  00  13  13  13  13  13  13  13  13  13  13  00  00  00  00  13  13  13  13  13  13  13  13  13  13  13  13  13  13  13  13  13  13  13  13  13  13  13  13  13  13  13  13  13  13  37  13  13  13  13  13  13  13  13  13  13  13  13  13  13  13  13  13  13  13  13  13  00  00  
30       00  00  00  00  00  00  00  00  00  13  13  13  13  13  13  13  13  13  13  00  00  00  00  13  13  13  13  13  13  13  13  13  13  13  13  13  13  13  13  13  13  13  13  13  13  13  13  13  13  13  13  13  13  13  13  13  13  13  13  13  13  13  13  13  13  13  13  13  38  13  13  13  13  13  13  00  00  
31       00  00  00  00  00  00  00  00  00  13  13  13  13  13  13  13  13  13  13  00  00  00  00  13  13  13  13  13  13  13  13  13  13  13  13  13  13  13  13  13  13  13  13  13  13  13  13  13  13  13  13  13  13  39  13  13  13  13  13  13  13  13  13  13  13  13  13  13  13  13  13  13  13  13  13  00  00  
32       00  00  00  00  00  00  00  00  00  13  13  13  13  13  13  13  13  13  13  00  00  00  00  13  13  13  13  13  13  13  13  13  13  13  13  13  13  13  13  13  13  13  13  13  13  13  13  13  13  13  13  13  13  13  13  13  13  13  13  13  13  13  40  13  13  13  13  13  13  13  13  13  13  13  13  00  00  
33       00  00  00  00  00  00  00  00  00  00  00  00  00  00  00  00  00  00  00  00  00  00  00  00  00  00  00  00  00  00  00  00  00  00  00  00  00  00  00  00  00  00  00  00  00  00  00  00  00  00  00  00  00  00  00  00  00  00  00  00  00  00  00  00  00  00  00  00  00  00  00  00  00  00  00  00  00  
34       00  00  00  00  00  00  00  00  00  00  00  00  00  00  00  00  00  00  00  00  00  00  00  00  00  00  00  00  00  00  00  00  00  00  00  00  00  00  00  00  00  00  00  00  00  00  00  00  00  00  00  00  00  00  00  00  00  00  00  00  00  00  00  00  00  00  00  00  00  00  00  00  00  00  00  00  00  
35       00  00  00  00  00  00  00  00  00  13  13  13  13  13  13  13  13  13  13  00  00  00  00  13  13  13  13  13  13  13  13  13  13  13  13  13  13  13  13  13  13  13  13  13  13  13  13  13  13  13  13  13  13  13  13  13  13  13  13  13  13  13  13  13  13  13  13  13  13  13  13  13  13  13  13  00  00  
36       00  00  00  00  00  00  00  00  00  13  13  13  13  13  13  13  13  13  13  00  00  00  00  13  13  13  13  13  13  13  13  13  13  13  13  13  13  13  13  13  13  13  13  13  13  13  13  13  13  13  13  13  13  13  13  13  13  13  13  13  13  13  13  13  13  13  13  13  13  13  13  13  13  13  13  00  00  
37       00  00  00  00  00  00  00  00  00  13  13  13  13  13  13  13  13  13  13  00  00  00  00  13  13  13  13  13  13  13  13  13  13  13  13  13  13  13  13  13  13  13  13  13  13  13  13  13  13  13  13  13  13  13  13  13  13  13  13  13  13  13  13  13  13  13  13  13  13  13  13  13  13  13  13  00  00  
38       00  00  00  00  00  00  00  00  00  13  13  13  13  13  13  13  13  13  13  00  00  00  00  13  13  13  13  13  13  13  13  13  13  13  13  13  13  13  13  13  13  13  13  13  13  13  13  13  13  13  13  13  13  13  13  13  13  13  13  13  13  13  13  13  13  13  13  13  13  13  13  13  13  13  13  00  00  
39       00  00  00  00  00  00  00  00  00  13  13  13  13  13  13  13  13  13  13  00  00  00  00  13  13  13  13  13  13  13  13  13  13  13  13  13  13  13  13  13  13  13  13  13  13  13  13  13  13  13  13  13  13  13  13  13  13  13  13  13  13  13  13  13  13  13  13  13  13  13  13  13  13  13  13  00  00  
40       00  00  00  00  00  00  00  00  00  13  13  13  13  13  13  13  13  13  13  00  00  00  00  13  13  13  13  13  13  13  13  13  13  13  13  13  13  13  13  13  13  13  13  13  13  13  13  13  13  13  13  13  13  13  13  13  13  13  13  13  13  13  13  13  13  13  13  13  13  13  13  13  13  13  13  00  00  
41       42  01  02  03  04  05  04  00  03  06  06  06  06  06  06  06  06  06  06  09  10  12  10  13  13  13  13  13  13  13  13  13  13  13  13  13  13  13  13  13  13  13  13  13  13  13  13  13  13  13  14  13  13  19  16  13  13  27  13  13  13  13  13  13  13  13  13  13  13  13  13  17  13  13  13  33  34  
42       00  00  00  00  00  00  00  00  00  00  00  00  00  00  00  00  00  00  00  00  00  11  00  00  00  00  00  00  00  00  00  00  00  00  00  00  00  00  00  00  00  00  00  00  00  00  00  00  00  00  00  00  00  00  00  00  00  00  00  00  00  00  00  00  00  00  00  00  00  00  00  00  00  00  00  00  00  
43       00  00  00  00  00  00  00  00  00  07  07  07  07  07  07  07  07  07  07  00  00  00  00  00  00  00  00  00  00  00  00  00  00  00  00  00  00  00  00  00  00  00  00  00  00  00  00  00  00  00  00  00  00  00  00  00  00  00  00  00  00  00  00  00  00  00  00  00  00  00  00  00  00  00  00  00  00  
44       00  00  00  00  00  00  00  00  00  08  08  08  08  08  08  08  08  08  08  00  00  00  00  00  00  00  00  00  00  00  00  00  00  00  00  00  00  00  00  00  00  00  00  00  00  00  00  00  00  00  00  00  00  00  00  00  00  00  00  00  00  00  00  00  00  00  00  00  00  00  00  00  00  00  00  00  00  



Start State : 41
State  1  Accepts (
State  2  Accepts )
State  3  Accepts mulop
State  4  Accepts addop
State  5  Accepts ,
State  6  Accepts num
State  7  Accepts num
State  8  Accepts num
State  9  Accepts ;
State  10  Accepts relop
State  11  Accepts relop
State  12  Accepts assign
State  13  Accepts id
State  14  Accepts id
State  15  Accepts id
State  16  Accepts id
State  17  Accepts id
State  18  Accepts id
State  19  Accepts id
State  20  Accepts id
State  21  Accepts id
State  22  Accepts id
State  23  Accepts id
State  24  Accepts id
State  25  Accepts id
State  26  Accepts id
State  27  Accepts id
State  28  Accepts id
State  29  Accepts id
State  30  Accepts id
State  31  Accepts id
State  32  Accepts id
State  33  Accepts {
State  34  Accepts }
State  35  Accepts if
State  36  Accepts int
State  37  Accepts else
State  38  Accepts float
State  39  Accepts while
State  40  Accepts boolean
